

Results: {
  '100': [ [ 0.5, 38.67 ], [ 0.7, 40.533 ] ],
  '200': [ [ 0.5, 22.648 ], [ 0.7, 24.059 ] ],
  '300': [ [ 0.5, 17.54 ], [ 0.7, 18.668 ] ]
}


Results: {
  '300': [ [ 0.4, 17.931 ], [ 0.5, 17.877 ], [ 0.6, 18.148 ] ],
  '400': [ [ 0.4, 17.38 ], [ 0.5, 17.028 ], [ 0.6, 18.14 ] ],
  '500': [ [ 0.4, 20.241 ], [ 0.5, 22.259 ], [ 0.6, 23.564 ] ]
}

Results: {
  '400': [ [ 0.5, 16.304 ], [ 0.6, 16.677 ], [ 0.7, 17.647 ] ],
  '450': [ [ 0.5, 19.811 ], [ 0.6, 19.83 ], [ 0.7, 18.999 ] ]
}
Done!

  '400': [
    [ 0.1, 18.366 ],
    [ 0.2, 21.184 ],
    [ 0.3, 24.395 ],
    [ 0.4, 19.283 ],
    [ 0.5, 15.657 ],
    [ 0.6, 16.735 ],
    [ 0.7, 17.172 ],
    [ 0.8, 16.986 ],
    [ 0.9, 17.655 ]
  ]
}

      0.1,
      0.2,
      0.3,
      0.4,
      0.5,
      0.6,
      0.7,
      0.8,
      0.9

Results: {
  '100': [ [ 0.5, 642.846 ] ],
  '200': [ [ 0.5, 143.041 ] ],
  '300': [ [ 0.5, 76.453 ] ],
  '400': [ [ 0.5, 57.522 ] ],
  '500': [ [ 0.5, 47.869 ] ]
  '550': [ [ 0.5, 45.786 ] ],
  '600': [ [ 0.5, 41.588 ] ],
  '650': [ [ 0.5, 39.146 ] ],
  '700': [ [ 0.5, 38.387 ] ]

}
